&constant
c0 = 299792458
me = 9.10938d-31
mi = 1.6726219d-27
e = 1.602d-19
k = 8.9875d9
mu0 = 1.256637d-6
eps0 = 8.854187d-12
kb = 1.380649d-23
NA = 6.02214d23
Da = 1.660539066d-27
/