&math
sqrtpi = 1.77245385091
pi = 3.1415926535898
twopi = 6.28318530718
sqrt2 = 1.41421356237
mu = 1.d-6
nano = 1.d-9
ang = 1.d-10
pico = 1.d-12
femto = 1.d-15
atto = 1.d-18
zero = 0.do
one = 1.d0
two = 2.d0
three = 3.d0
four = 4.d0
five = 5.d0
six = 6.d0
seven = 7.d0
eight = 8.d0
nine = 9.d0
ten = 10.d0
half = 0.5d0
yes = .True.
no = .False.
on = .True.
off = .False.
/